group_id	items_in_group	lo_value	p	FDR	goodsgrna
PSMD6	19	1.1993e-07	4.9920e-06	0.000232	18
PSMB2	24	1.7044e-06	4.9920e-06	0.000232	21
NUP98	16	2.3518e-06	2.4960e-05	0.000774	16
RPS13	10	1.8116e-05	1.3478e-04	0.003134	10
PSMC4	10	3.4043e-05	2.5459e-04	0.004720	10
PSMD11	10	3.8222e-05	3.0451e-04	0.004720	10
PSMC1	10	5.6349e-05	4.1433e-04	0.004817	9
RPL3	11	5.8982e-05	3.9437e-04	0.004817	11
RPL11	10	6.8729e-05	5.4412e-04	0.005623	10
COPB1	10	1.0014e-04	7.4380e-04	0.006289	9
PSMD7	10	1.0243e-04	7.4380e-04	0.006289	10
COPS4	10	1.2430e-04	9.0355e-04	0.006607	9
POLR2F	10	1.3250e-04	9.2351e-04	0.006607	10
RPS19	10	1.4660e-04	1.0234e-03	0.006778	10
RPL18A	8	1.7753e-04	1.0932e-03	0.006778	8
NUP205	10	1.9738e-04	1.4127e-03	0.008211	10
COPA	10	2.5929e-04	1.8021e-03	0.009620	9
POLR2D	10	2.6348e-04	1.8620e-03	0.009620	10
RPS8	10	3.2546e-04	2.3013e-03	0.011264	10
POLR2A	10	4.8931e-04	3.4794e-03	0.015939	9
NUP93	11	4.9853e-04	3.5992e-03	0.015939	9
NUP54	11	1.0303e-03	7.1635e-03	0.030282	10
PSMC2	14	1.1180e-03	9.0604e-03	0.036636	11
RPL36	10	2.3084e-03	1.4142e-02	0.052795	9
COPS6	10	2.3207e-03	1.4192e-02	0.052795	9
RPS3A	6	3.0268e-03	1.5490e-02	0.055407	6
POLA1	10	3.2254e-03	1.9044e-02	0.065597	9
COPS8	16	5.0026e-03	3.6526e-02	0.110627	13
RPS11	10	5.3475e-03	3.0726e-02	0.102053	9
RPL35A	7	7.7202e-03	3.6796e-02	0.110627	5
COPZ1	16	8.1778e-03	5.4288e-02	0.144250	12
RPS9	10	8.9913e-03	4.7798e-02	0.138913	7
RPS27	5	9.3534e-03	3.6876e-02	0.110627	5
NUP133	10	1.0453e-02	5.3778e-02	0.144250	8
RPL34	7	1.2001e-02	5.2810e-02	0.144250	6
PSMD1	12	1.4721e-02	7.8129e-02	0.201834	9
RPL5	10	2.2332e-02	1.0236e-01	0.257284	8
RPL9	10	2.8708e-02	1.2597e-01	0.308299	8
RPL30	10	2.9598e-02	1.2929e-01	0.308299	8
PSMB3	10	3.3783e-02	1.4416e-01	0.327525	7
PSMA3	10	3.3849e-02	1.4439e-01	0.327525	6
COPS2	10	8.9094e-02	2.9012e-01	0.627464	6
RPL6	2	1.0239e-01	1.7528e-01	0.388126	2
RPS24	13	1.6509e-01	4.6289e-01	0.978381	8
RPL27	10	3.3110e-01	6.4824e-01	0.999995	5
IL1F10	10	5.0655e-01	7.9309e-01	0.999995	5
RPS7	8	5.2559e-01	7.7954e-01	0.999995	4
MRGPRD	10	8.9934e-01	9.6956e-01	0.999995	3
KRT25	10	9.1155e-01	9.7404e-01	0.999995	3
LYZL6	10	9.5735e-01	9.8465e-01	0.999995	2
OR9Q2	10	9.8128e-01	9.9271e-01	0.999995	2
HTR3D	10	9.9493e-01	9.9586e-01	0.999995	1
NPSR1	10	9.9598e-01	9.9638e-01	0.999995	1
OTUD6A	10	9.9605e-01	9.9641e-01	0.999995	1
CRYGB	10	9.9620e-01	9.9652e-01	0.999995	1
PIWIL3	10	9.9683e-01	9.9690e-01	0.999995	1
DMRTC2	10	9.9700e-01	9.9701e-01	0.999995	1
IL22	10	9.9706e-01	9.9707e-01	0.999995	1
TPH2	10	9.9717e-01	9.9714e-01	0.999995	1
OC90	10	9.9756e-01	9.9749e-01	0.999995	1
RXFP2	10	9.9774e-01	9.9766e-01	0.999995	1
RPTN	10	9.9779e-01	9.9772e-01	0.999995	1
OLIG2	10	9.9783e-01	9.9776e-01	0.999995	1
NPHS2	10	9.9795e-01	9.9785e-01	0.999995	1
DMRTB1	10	9.9799e-01	9.9792e-01	0.999995	1
RNASE9	11	9.9814e-01	9.9844e-01	0.999995	1
LHX5	10	9.9850e-01	9.9843e-01	0.999995	0
LUZP4	10	9.9862e-01	9.9852e-01	0.999995	0
CABP5	10	9.9870e-01	9.9868e-01	0.999995	0
ADH7	10	9.9887e-01	9.9885e-01	0.999995	0
KRT74	10	9.9892e-01	9.9888e-01	0.999995	0
FAM71B	10	9.9906e-01	9.9899e-01	0.999995	0
SPATA16	10	9.9917e-01	9.9908e-01	0.999995	0
TAAR8	10	9.9921e-01	9.9912e-01	0.999995	0
CYP7A1	10	9.9926e-01	9.9918e-01	0.999995	0
KRT9	10	9.9929e-01	9.9921e-01	0.999995	0
FCRL4	10	9.9932e-01	9.9924e-01	0.999995	0
SAGE1	10	9.9936e-01	9.9928e-01	0.999995	0
POU4F2	10	9.9943e-01	9.9935e-01	0.999995	0
TAS2R13	10	9.9956e-01	9.9949e-01	0.999995	0
TRIM42	10	9.9967e-01	9.9958e-01	0.999995	0
OR12D2	10	9.9975e-01	9.9970e-01	0.999995	0
MAGEB3	10	9.9979e-01	9.9975e-01	0.999995	0
ABCG8	10	9.9981e-01	9.9976e-01	0.999995	0
VN1R2	10	9.9982e-01	9.9977e-01	0.999995	0
NLRP5	10	9.9987e-01	9.9984e-01	0.999995	0
KRT77	10	9.9996e-01	9.9995e-01	0.999995	0
PLA2G2E	10	9.9996e-01	9.9995e-01	0.999995	0
DEFB129	10	9.9997e-01	9.9996e-01	0.999995	0
TAS2R9	10	9.9998e-01	9.9998e-01	0.999995	0
TAAR1	10	9.9999e-01	1.0000e+00	0.999995	0
TGM6	14	9.9999e-01	1.0000e+00	0.999995	0
OR52E8	10	1.0000e+00	1.0000e+00	0.999995	0
